33 3333
33 333
33 xx
333 333
33 333
33 xxm
. 33 xx1v
333 333

3333313
soxvnl
GIXIX
33xx

333xxl
64XXII

65 XXIII
66 XXIV

333 XXV

ssxxv1

334 XIII. 11 B l 31:133. 4154
’ A 7 3109

»εκ

colliguntur 31133 13 111 333113 13323.

33333333333333333 33.
xn 354xxl.M. 335 1354

333 333 xx. 3 3 ’3333 333
333 33333 33333. 33. 3 3 3333
33 334 333333. 0 3 333. 3. 1400

333 334 333. 333 3333
3333 33333 xxxx. 3 1 333. 0. 3333
33333 333 xv. 33 3 3 γ3333
333 334 11. xp. 3 4 3333

1 133355 XXIII. 1301 3177 ..

II 334 xl. M. B 6 1133131). 3661
III 334 xxxx Δ 5 · 4015
1v 13. 355 XIX. 11. G 3 4370
V 333 VIII. 11. 33 ’1 11331). C. 4753

33 333,3333.3. 33 3333
colliguntur 31133 13 11333113 20433.

33334343304333313 3.
VII 33385 11111. 0331303. 333

3333 333 33. xp. 3 3 333
33 333 xxm. 3. 333 1033
x 3:334 3333 3 3 333. 0. 3333
33 333 333333 3 3 3333
33 334 33. 33. 3 3 3333
333 33333 33333. 333 3333. 3333
333 334 33333. x. 4 3 3334
33 333 xxxx. 0 3 333. 3. 3333
333 33333 33. xp. 3 3 3333
333 333 xxxv. 3. 3333 4010
3333 334 33333. 3 3 3333. 4400

33 3333 333 33333 333. 3 3· 3333
33 33311111 454xx11.x. 33, 3333

colliguntur 3130 13 V cycli· 16641.

 

